"time","amplitude"
0.00, 0.000603815
0.01, 0.00060023
0.02, 0.00059664
0.03, 0.000593053
0.04, 0.000589475
0.05, 0.000585911
0.06, 0.000582396
0.07, 0.000578924
0.08, 0.000575447
0.09, 0.000571913
0.10, 0.000568272
0.11, 0.000564481
0.12, 0.000560571
0.13, 0.000556598
0.14, 0.000552622
0.15, 0.000548701
0.16, 0.000544844
0.17, 0.000541012
0.18, 0.000537191
0.19, 0.000533367
0.20, 0.000529528
0.21, 0.000525667
0.22, 0.000521794
0.23, 0.000517917
0.24, 0.000514044
0.25, 0.000510184
0.26, 0.000506344
0.27, 0.000502519
0.28, 0.000498698
0.29, 0.00049487
0.30, 0.000491023
0.31, 0.000487165
0.32, 0.000483302
0.33, 0.000479425
0.34, 0.000475524
0.35, 0.000471589
0.36, 0.000467598
0.37, 0.000463558
0.38, 0.0004595
0.39, 0.000455454
0.40, 0.00045145
0.41, 0.000447497
0.42, 0.000443576
0.43, 0.000439671
0.44, 0.000435768
0.45, 0.000431854
0.46, 0.000427928
0.47, 0.000423999
0.48, 0.000420068
0.49, 0.000416135
0.50, 0.000412201
0.51, 0.000408248
0.52, 0.000404276
0.53, 0.000400311
0.54, 0.000396377
0.55, 0.000392502
0.56, 0.000388724
0.57, 0.000385028
0.58, 0.000381348
0.59, 0.000377623
0.60, 0.000373787
0.61, 0.000369786
0.62, 0.000365657
0.63, 0.000361482
0.64, 0.000357341
0.65, 0.000353312
0.66, 0.000349342
0.67, 0.000345374
0.68, 0.000341488
0.69, 0.000337765
0.70, 0.000334285
0.71, 0.000331093
0.72, 0.000328116
0.73, 0.000325252
0.74, 0.000322401
0.75, 0.000319459
0.76, 0.000316078
0.77, 0.000312325
0.78, 0.000308725
0.79, 0.000305803
0.80, 0.000304083
0.81, 0.000303504
0.82, 0.000303431
0.83, 0.000303519
0.84, 0.000303426
0.85, 0.000302806
0.86, 0.000300969
0.87, 0.000297727
0.88, 0.000293491
0.89, 0.000288673
0.90, 0.000283684
0.91, 0.000276892
0.92, 0.000267849
0.93, 0.000258717
0.94, 0.000251658
0.95, 0.000248834
0.96, 0.000251031
0.97, 0.000256256
0.98, 0.000262486
0.99, 0.000267702
1.00, 0.000269882
1.01, 0.000262464
1.02, 0.000244835
1.03, 0.000223812
1.04, 0.000206214
1.05, 0.00019886
1.06, 0.000205268
1.07, 0.000220496
1.08, 0.000238655
1.09, 0.000253855
1.10, 0.000260206
1.11, 0.000252846
1.12, 0.000235359
1.13, 0.000214507
1.14, 0.000197053
1.15, 0.000189762
1.16, 0.000191772
1.17, 0.000197057
1.18, 0.00020453
1.19, 0.000213107
1.20, 0.000221701
1.21, 0.000233042
1.22, 0.000248134
1.23, 0.00026337
1.24, 0.000275145
1.25, 0.000279851
1.26, 0.000257628
1.27, 0.000204851
1.28, 0.000141928
1.29, 8.92687e-05
1.30, 6.728e-05
1.31, 9.61543e-05
1.32, 0.000164716
1.33, 0.000246455
1.34, 0.000314859
1.35, 0.000343418
1.36, 0.000293498
1.37, 0.000174985
1.38, 3.37017e-05
1.39, -8.45278e-05
1.40, -0.00013388
1.41, -8.53101e-05
1.42, 3.34813e-05
1.43, 0.000183158
1.44, 0.000324382
1.45, 0.000417817
1.46, 0.000463369
1.47, 0.000494154
1.48, 0.000521251
1.49, 0.000555738
1.50, 0.000608695
1.51, 0.00072028
1.52, 0.000911736
1.53, 0.00116644
1.54, 0.00146777
1.55, 0.00179911
1.56, 0.00233055
1.57, 0.00310266
1.58, 0.00390907
1.59, 0.00454342
1.60, 0.00479932
1.61, 0.00466003
1.62, 0.00432962
1.63, 0.0039358
1.64, 0.00360632
1.65, 0.00346891
1.66, 0.00351615
1.67, 0.00363573
1.68, 0.00379558
1.69, 0.00396363
1.70, 0.00410782
1.71, 0.00423996
1.72, 0.00438125
1.73, 0.00451463
1.74, 0.00462304
1.75, 0.00468944
1.76, 0.00472008
1.77, 0.00473834
1.78, 0.00475334
1.79, 0.00477419
1.80, 0.00481
1.81, 0.00513197
1.82, 0.00582902
1.83, 0.00664424
1.84, 0.00732069
1.85, 0.00760146
1.86, 0.0075652
1.87, 0.00747928
1.88, 0.00737688
1.89, 0.00729123
1.90, 0.00725555
1.91, 0.00760664
1.92, 0.00847101
1.93, 0.00957544
1.94, 0.0106467
1.95, 0.0114117
1.96, 0.0119452
1.97, 0.0124605
1.98, 0.0128997
1.99, 0.0132051
2.00, 0.0133189
2.01, 0.012781
2.02, 0.0115031
2.03, 0.00997232
2.04, 0.00867578
2.05, 0.00810056
2.06, 0.00804819
2.07, 0.00800678
2.08, 0.00797673
2.09, 0.00795844
2.10, 0.0079523
2.11, 0.00807004
2.12, 0.00837621
2.13, 0.00880379
2.14, 0.00928582
2.15, 0.00975531
2.16, 0.0102159
2.17, 0.0107213
2.18, 0.0112813
2.19, 0.0119056
2.20, 0.0126041
2.21, 0.0135316
2.22, 0.0147079
2.23, 0.0159453
2.24, 0.0170561
2.25, 0.0178526
2.26, 0.0184313
2.27, 0.0189734
2.28, 0.0194258
2.29, 0.0197356
2.30, 0.0198498
2.31, 0.0198309
2.32, 0.0197861
2.33, 0.0197328
2.34, 0.0196882
2.35, 0.0196697
2.36, 0.0197126
2.37, 0.0198143
2.38, 0.0199353
2.39, 0.0200365
2.40, 0.0200786
2.41, 0.0199722
2.42, 0.019708
2.43, 0.0193651
2.44, 0.0190222
2.45, 0.0187584
2.46, 0.0185481
2.47, 0.0183343
2.48, 0.0181461
2.49, 0.0180123
2.50, 0.0179617
2.51, 0.01806
2.52, 0.0183141
2.53, 0.0186665
2.54, 0.0190595
2.55, 0.0194355
2.56, 0.019795
2.57, 0.020181
2.58, 0.0206011
2.59, 0.0210632
2.60, 0.0215748
2.61, 0.0222998
2.62, 0.0232457
2.63, 0.0241925
2.64, 0.0249203
2.65, 0.0252091
2.66, 0.0246454
2.67, 0.0231232
2.68, 0.0208738
2.69, 0.0181289
2.70, 0.01512
2.71, 0.0111034
2.72, 0.00548084
2.73, -0.00133418
2.74, -0.00892825
2.75, -0.016888
2.76, -0.0258738
2.77, -0.0363633
2.78, -0.04771
2.79, -0.0592674
2.80, -0.0703892
2.81, -0.0828136
2.82, -0.0969317
2.83, -0.110177
2.84, -0.119984
2.85, -0.123786
2.86, -0.123383
2.87, -0.122253
2.88, -0.120505
2.89, -0.118245
2.90, -0.115579
2.91, -0.109809
2.92, -0.0996313
2.93, -0.0871196
2.94, -0.0743487
2.95, -0.0633929
2.96, -0.0539126
2.97, -0.044509
2.98, -0.0355843
2.99, -0.0275408
3.00, -0.0207807
3.01, -0.0147369
3.02, -0.00892314
3.03, -0.00382285
3.04, 8.035e-05
3.05, 0.00230291
3.06, 0.00346377
3.07, 0.00444576
3.08, 0.00520312
3.09, 0.00569008
3.10, 0.00586085
3.11, 0.00534051
3.12, 0.00397174
3.13, 0.00201942
3.14, -0.000251587
3.15, -0.00257645
3.16, -0.00553946
3.17, -0.00942502
3.18, -0.013557
3.19, -0.0172594
3.20, -0.0198561
3.21, -0.0216756
3.22, -0.0233652
3.23, -0.0247666
3.24, -0.0257213
3.25, -0.026071
3.26, -0.0256814
3.27, -0.0247027
3.28, -0.023401
3.29, -0.0220423
3.30, -0.0208928
3.31, -0.0198114
3.32, -0.0186243
3.33, -0.017531
3.34, -0.0167309
3.35, -0.0164233
3.36, -0.0164579
3.37, -0.0165394
3.38, -0.0166363
3.39, -0.0167173
3.40, -0.0167509
3.41, -0.0165613
3.42, -0.0160625
3.43, -0.0153498
3.44, -0.0145188
3.45, -0.0136647
3.46, -0.0124535
3.47, -0.0107823
3.48, -0.00907124
3.49, -0.00774039
3.50, -0.00720986
3.51, -0.00747643
3.52, -0.00815379
3.53, -0.00907233
3.54, -0.0100624
3.55, -0.0109545
3.56, -0.0117924
3.57, -0.0126876
3.58, -0.0135808
3.59, -0.0144129
3.60, -0.0151247
3.61, -0.015796
3.62, -0.0164793
3.63, -0.0170817
3.64, -0.0175102
3.65, -0.0176717
3.66, -0.017459
3.67, -0.0169076
3.68, -0.0161364
3.69, -0.0152641
3.70, -0.0144095
3.71, -0.0134281
3.72, -0.0122259
3.73, -0.0109835
3.74, -0.00988185
3.75, -0.00910166
3.76, -0.00860213
3.77, -0.00820117
3.78, -0.00785841
3.79, -0.0075335
3.80, -0.00718609
3.81, -0.00676006
3.82, -0.00628334
3.83, -0.00583975
3.84, -0.00551312
3.85, -0.00538728
3.86, -0.00562455
3.87, -0.00618322
3.88, -0.00684778
3.89, -0.00740266
3.90, -0.00763232
3.91, -0.00733803
3.92, -0.00659241
3.93, -0.0055843
3.94, -0.00450256
3.95, -0.00353598
3.96, -0.00253169
3.97, -0.00136954
3.98, -0.000269263
3.99, 0.000549417
4.00, 0.000866748
4.01, 0.000302092
4.02, -0.00110729
4.03, -0.00296841
4.04, -0.00488825
4.05, -0.00647382
4.06, -0.00787373
4.07, -0.00934887
4.08, -0.0107023
4.09, -0.0117369
4.10, -0.0122558
4.11, -0.0124424
4.12, -0.0125954
4.13, -0.0127103
4.14, -0.0127824
4.15, -0.0128071
4.16, -0.0126156
4.17, -0.0121284
4.18, -0.011465
4.19, -0.0107448
4.20, -0.0100874
4.21, -0.00937564
4.22, -0.00853299
4.23, -0.00772617
4.24, -0.0071219
4.25, -0.00688687
4.26, -0.00709766
4.27, -0.00764138
4.28, -0.00839829
4.29, -0.00924859
4.30, -0.0100725
4.31, -0.0109401
4.32, -0.0119428
4.33, -0.0130037
4.34, -0.0140457
4.35, -0.0149919
4.36, -0.0159044
4.37, -0.0168363
4.38, -0.0177048
4.39, -0.0184272
4.40, -0.0189206
4.41, -0.0192663
4.42, -0.0195779
4.43, -0.0198307
4.44, -0.02
4.45, -0.020061
4.46, -0.0197728
4.47, -0.0190345
4.48, -0.0180173
4.49, -0.0168922
4.50, -0.0158302
4.51, -0.014804
4.52, -0.0136924
4.53, -0.0125157
4.54, -0.0112941
4.55, -0.0100478
4.56, -0.00872459
4.57, -0.00730943
4.58, -0.00587333
4.59, -0.00448732
4.60, -0.00322234
4.61, -0.00192087
4.62, -0.000532879
4.63, 0.000724737
4.64, 0.00163506
4.65, 0.00198124
4.66, 0.00197999
4.67, 0.00197633
4.68, 0.00197029
4.69, 0.0019619
4.70, 0.00195117
4.71, 0.0017584
4.72, 0.00128628
4.73, 0.000646021
4.74, -5.1167e-05
4.75, -0.000694097
4.76, -0.00132282
4.77, -0.00201118
4.78, -0.00270745
4.79, -0.0033599
4.80, -0.00391681
4.81, -0.00441165
4.82, -0.00488877
4.83, -0.00531799
4.84, -0.00566915
4.85, -0.0059121
4.86, -0.0060577
4.87, -0.00615685
4.88, -0.00624141
4.89, -0.00634324
4.90, -0.00649418
4.91, -0.00680258
4.92, -0.0072841
4.93, -0.00783805
4.94, -0.00836377
4.95, -0.00876056
4.96, -0.00907094
4.97, -0.00937471
4.98, -0.00963582
4.99, -0.00981823
5.00, -0.00988588
5.01, -0.00966874
5.02, -0.00911072
5.03, -0.008336
5.04, -0.00746877
5.05, -0.00663319
5.06, -0.00576393
5.07, -0.00476861
5.08, -0.00371872
5.09, -0.00268571
5.10, -0.00174103
5.11, -0.000794871
5.12, 0.000199991
5.13, 0.00111957
5.14, 0.00183987
5.15, 0.00223693
5.16, 0.00242342
5.17, 0.00258022
5.18, 0.00270049
5.19, 0.0027774
5.20, 0.00280408
5.21, 0.00266044
5.22, 0.00229052
5.23, 0.00177495
5.24, 0.00119433
5.25, 0.000629264
5.26, 5.98043e-05
5.27, -0.000577572
5.28, -0.0012737
5.29, -0.00201944
5.30, -0.0028056
5.31, -0.00369978
5.32, -0.00471507
5.33, -0.00576691
5.34, -0.00677074
5.35, -0.00764203
5.36, -0.008398
5.37, -0.00910569
5.38, -0.00976138
5.39, -0.0103614
5.40, -0.0109019
5.41, -0.0113832
5.42, -0.0118179
5.43, -0.0122213
5.44, -0.0126088
5.45, -0.0129958
5.46, -0.0134385
5.47, -0.0139256
5.48, -0.0143745
5.49, -0.0147028
5.50, -0.0148282
5.51, -0.0148155
5.52, -0.0147798
5.53, -0.014724
5.54, -0.014651
5.55, -0.0145637
5.56, -0.0143609
5.57, -0.0139881
5.58, -0.0135093
5.59, -0.0129884
5.60, -0.0124893
5.61, -0.0119908
5.62, -0.0114486
5.63, -0.0108867
5.64, -0.0103289
5.65, -0.00979921
5.66, -0.00929722
5.67, -0.00880671
5.68, -0.00832632
5.69, -0.00785467
5.70, -0.0073904
5.71, -0.00691795
5.72, -0.00643852
5.73, -0.00597444
5.74, -0.00554805
5.75, -0.00518168
5.76, -0.00486013
5.77, -0.00456023
5.78, -0.0042897
5.79, -0.00405629
5.80, -0.00386771
5.81, -0.00371067
5.82, -0.00356969
5.83, -0.00344767
5.84, -0.0033475
5.85, -0.00327207
5.86, -0.00321401
5.87, -0.00316426
5.88, -0.00312244
5.89, -0.00308819
5.90, -0.00306114
5.91, -0.00304261
5.92, -0.00303047
5.93, -0.00301937
5.94, -0.00300394
5.95, -0.0029788
5.96, -0.00282081
5.97, -0.00246929
5.98, -0.00200224
5.99, -0.00149765
6.00, -0.0010335
6.01, -0.000559298
6.02, -2.52146e-05
6.03, 0.000499737
6.04, 0.000946546
6.05, 0.00124622
6.06, 0.00144711
6.07, 0.00162821
6.08, 0.0017751
6.09, 0.00187337
6.10, 0.00190862
6.11, 0.0018839
6.12, 0.00181684
6.13, 0.00171596
6.14, 0.00158981
6.15, 0.00144688
6.16, 0.0012134
6.17, 0.000850622
6.18, 0.000412393
6.19, -4.74567e-05
6.20, -0.000475104
6.21, -0.000906044
6.22, -0.0013739
6.23, -0.0018293
6.24, -0.00222286
6.25, -0.00250523
6.26, -0.00269188
6.27, -0.00283981
6.28, -0.00296627
6.29, -0.00308851
6.30, -0.00322377
6.31, -0.0033629
6.32, -0.0034951
6.33, -0.00363304
6.34, -0.0037894
6.35, -0.00397686
6.36, -0.00423145
6.37, -0.00455688
6.38, -0.00491994
6.39, -0.00528742
6.40, -0.00562612
6.41, -0.00596854
6.42, -0.0063351
6.43, -0.00668016
6.44, -0.00695809
6.45, -0.00712326
6.46, -0.00721415
6.47, -0.00729235
6.48, -0.0073535
6.49, -0.00739322
6.50, -0.00740714
6.51, -0.00739667
6.52, -0.00737224
6.53, -0.00734325
6.54, -0.00731909
6.55, -0.0073092
6.56, -0.00734796
6.57, -0.00743846
6.58, -0.00754585
6.59, -0.0076353
6.60, -0.00767197
6.61, -0.00760141
6.62, -0.0074184
6.63, -0.00715919
6.64, -0.00686005
6.65, -0.0065572
6.66, -0.00618043
6.67, -0.00569588
6.68, -0.00518443
6.69, -0.00472694
6.70, -0.00440424
6.71, -0.00419649
6.72, -0.00402639
6.73, -0.00388112
6.74, -0.00374784
6.75, -0.00361376
6.76, -0.00347354
6.77, -0.00333489
6.78, -0.00320486
6.79, -0.00309055
6.80, -0.00299902
6.81, -0.00291911
6.82, -0.00284186
6.83, -0.00277603
6.84, -0.00273036
6.85, -0.00271359
6.86, -0.0027479
6.87, -0.00282791
6.88, -0.00292282
6.89, -0.00300187
6.90, -0.00303425
6.91, -0.00301488
6.92, -0.00296646
6.93, -0.00290157
6.94, -0.00283279
6.95, -0.00277268
6.96, -0.0027241
6.97, -0.00267873
6.98, -0.00263178
6.99, -0.00257846
7.00, -0.00251397
7.01, -0.00243185
7.02, -0.00233056
7.03, -0.00221242
7.04, -0.00207975
7.05, -0.00193486
7.06, -0.00173762
7.07, -0.00148255
7.08, -0.0012193
7.09, -0.00099746
7.10, -0.00086665
7.11, -0.0007992
7.12, -0.000740919
7.13, -0.000695197
7.14, -0.000665426
7.15, -0.000655029
7.16, -0.00078217
7.17, -0.00110766
7.18, -0.0015608
7.19, -0.00207086
7.20, -0.00256717
7.21, -0.00309215
7.22, -0.00369983
7.23, -0.00434722
7.24, -0.00499131
7.25, -0.00558913
7.26, -0.00615466
7.27, -0.00671625
7.28, -0.00725733
7.29, -0.00776134
7.30, -0.00821172
7.31, -0.00866225
7.32, -0.00912812
7.33, -0.00954245
7.34, -0.00983841
7.35, -0.00994913
7.36, -0.0099381
7.37, -0.00990775
7.38, -0.00986111
7.39, -0.00980117
7.40, -0.00973094
7.41, -0.00957436
7.42, -0.00930254
7.43, -0.00898054
7.44, -0.00867341
7.45, -0.0084462
7.46, -0.00827366
7.47, -0.00810564
7.48, -0.00796173
7.49, -0.00786157
7.50, -0.00782476
7.51, -0.00783112
7.52, -0.00784878
7.53, -0.00787627
7.54, -0.00791213
7.55, -0.0079549
7.56, -0.00804691
7.57, -0.00821291
7.58, -0.00842975
7.59, -0.00867425
7.60, -0.00892328
7.61, -0.00920465
7.62, -0.00953931
7.63, -0.00989896
7.64, -0.0102553
7.65, -0.01058
7.66, -0.0108861
7.67, -0.0111922
7.68, -0.0114827
7.69, -0.0117415
7.70, -0.011953
7.71, -0.0121325
7.72, -0.012299
7.73, -0.0124443
7.74, -0.0125605
7.75, -0.0126396
7.76, -0.0126963
7.77, -0.012747
7.78, -0.0127878
7.79, -0.0128149
7.80, -0.0128246
7.81, -0.012796
7.82, -0.01272
7.83, -0.012608
7.84, -0.0124713
7.85, -0.0123213
7.86, -0.0121161
7.87, -0.0118266
7.88, -0.0114778
7.89, -0.0110948
7.90, -0.0107026
7.91, -0.0102769
7.92, -0.00979599
7.93, -0.00928354
7.94, -0.00876323
7.95, -0.0082587
7.96, -0.00776044
7.97, -0.00725366
7.98, -0.00675086
7.99, -0.00626453
8.00, -0.00580712
8.01, -0.00536294
8.02, -0.00492282
8.03, -0.00450604
8.04, -0.00413193
8.05, -0.00381979
8.06, -0.00354423
8.07, -0.0032825
8.08, -0.00305322
8.09, -0.00287496
8.10, -0.00276632
8.11, -0.00270061
8.12, -0.00264393
8.13, -0.00259954
8.14, -0.00257068
8.15, -0.00256061
8.16, -0.00257877
8.17, -0.00262385
8.18, -0.00268393
8.19, -0.00274707
8.20, -0.00280136
8.21, -0.00285441
8.22, -0.00291351
8.23, -0.00296834
8.24, -0.00300854
8.25, -0.0030238
8.26, -0.00301528
8.27, -0.00299551
8.28, -0.00297208
8.29, -0.0029526
8.30, -0.00294465
8.31, -0.00294903
8.32, -0.0029609
8.33, -0.00297891
8.34, -0.00300171
8.35, -0.00302795
8.36, -0.00308838
8.37, -0.00319065
8.38, -0.0033028
8.39, -0.00339286
8.40, -0.0034289
8.41, -0.00341825
8.42, -0.00338914
8.43, -0.00334461
8.44, -0.00328771
8.45, -0.00322146
8.46, -0.00309187
8.47, -0.00287392
8.48, -0.00260713
8.49, -0.00233103
8.50, -0.00208516
8.51, -0.00186749
8.52, -0.00165248
8.53, -0.00144051
8.54, -0.00123192
8.55, -0.0010271
8.56, -0.000826958
8.57, -0.000631078
8.58, -0.000437864
8.59, -0.000245725
8.60, -5.30627e-05
8.61, 0.000166621
8.62, 0.000410679
8.63, 0.00064056
8.64, 0.000817712
8.65, 0.000903607
8.66, 0.000931114
8.67, 0.000953533
8.68, 0.000970257
8.69, 0.000980677
8.70, 0.000984161
8.71, 0.000922718
8.72, 0.000769793
8.73, 0.000564645
8.74, 0.000346539
8.75, 0.000154722
8.76, -1.66206e-05
8.77, -0.000192498
8.78, -0.000366934
8.79, -0.000533956
8.80, -0.000687583
8.81, -0.000820424
8.82, -0.000937949
8.83, -0.00105296
8.84, -0.00117827
8.85, -0.00132666
8.86, -0.00150981
8.87, -0.0017244
8.88, -0.00196111
8.89, -0.0022106
8.90, -0.00246355
8.91, -0.00273167
8.92, -0.00302147
8.93, -0.00331838
8.94, -0.00360784
8.95, -0.00387531
8.96, -0.00411467
8.97, -0.00433691
8.98, -0.00455351
8.99, -0.00477595
9.00, -0.0050157
9.01, -0.005275
9.02, -0.0055474
9.03, -0.00583057
9.04, -0.00612219
9.05, -0.00641991
9.06, -0.00674638
9.07, -0.00710223
9.08, -0.00745566
9.09, -0.00777491
9.10, -0.0080282
9.11, -0.0082363
9.12, -0.00842995
9.13, -0.00859807
9.14, -0.0087296
9.15, -0.00881346
9.16, -0.00886849
9.17, -0.00891657
9.18, -0.00895461
9.19, -0.00897954
9.20, -0.00898826
9.21, -0.00897027
9.22, -0.00892245
9.23, -0.00885169
9.24, -0.00876489
9.25, -0.00866892
9.26, -0.00852843
9.27, -0.00832406
9.28, -0.0080812
9.29, -0.00782525
9.30, -0.00758161
9.31, -0.00734803
9.32, -0.00710796
9.33, -0.00686245
9.34, -0.00661256
9.35, -0.00635934
9.36, -0.00610078
9.37, -0.00583616
9.38, -0.00556805
9.39, -0.00529902
9.40, -0.00503163
9.41, -0.00475939
9.42, -0.00448106
9.43, -0.00420589
9.44, -0.00394311
9.45, -0.00370191
9.46, -0.00348299
9.47, -0.00327836
9.48, -0.0030836
9.49, -0.00289424
9.50, -0.00270586
9.51, -0.00252001
9.52, -0.00233927
9.53, -0.00216136
9.54, -0.00198401
9.55, -0.00180494
9.56, -0.00159419
9.57, -0.00135524
9.58, -0.0011316
9.59, -0.00096678
9.60, -0.000904274
9.61, -0.000923407
9.62, -0.000975104
9.63, -0.00105335
9.64, -0.00115215
9.65, -0.00126551
9.66, -0.00146624
9.67, -0.001789
9.68, -0.00218142
9.69, -0.00259113
9.70, -0.0029658
9.71, -0.00330501
9.72, -0.00364255
9.73, -0.00398256
9.74, -0.00432919
9.75, -0.00468655
9.76, -0.00507426
9.77, -0.00548878
9.78, -0.00590225
9.79, -0.00628678
9.80, -0.00661453
9.81, -0.00692403
9.82, -0.00723811
9.83, -0.00751415
9.84, -0.00770954
9.85, -0.0077817
9.86, -0.00777013
9.87, -0.00773945
9.88, -0.00769408
9.89, -0.00763844
9.90, -0.00757697
9.91, -0.00749118
9.92, -0.00736851
9.93, -0.00721924
9.94, -0.00705363
9.95, -0.00688193
9.96, -0.00669799
9.97, -0.00649141
9.98, -0.00626423
9.99, -0.0060185
10.00, -0.00575628
10.01, -0.00546757
10.02, -0.00514719
10.03, -0.00480267
10.04, -0.00444152
10.05, -0.00407125
10.06, -0.00368166
10.07, -0.00326689
10.08, -0.00283858
10.09, -0.00240837
10.10, -0.00198789
10.11, -0.00156442
10.12, -0.00113135
10.13, -0.000706194
10.14, -0.000306472
10.15, 5.03339e-05
10.16, 0.000401306
10.17, 0.0007601
10.18, 0.00108185
10.19, 0.00132169
10.20, 0.00143481
10.21, 0.00147025
10.22, 0.00149897
10.23, 0.00152029
10.24, 0.00153349
10.25, 0.00153787
10.26, 0.00147336
10.27, 0.00131182
10.28, 0.00109162
10.29, 0.000851182
10.30, 0.000628863
10.31, 0.000409897
10.32, 0.00016955
10.33, -7.53162e-05
10.34, -0.000307839
10.35, -0.000511169
10.36, -0.000696629
10.37, -0.000877153
10.38, -0.00104192
10.39, -0.00118011
10.40, -0.00128091
10.41, -0.00135358
10.42, -0.00141445
10.43, -0.0014657
10.44, -0.00150953
10.45, -0.00154813
10.46, -0.00158315
10.47, -0.00161472
10.48, -0.00164273
10.49, -0.00166707
10.50, -0.00168761
10.51, -0.00170444
10.52, -0.00171859
10.53, -0.00173133
10.54, -0.00174395
10.55, -0.00175773
10.56, -0.00177135
10.57, -0.0017841
10.58, -0.0017978
10.59, -0.0018143
10.60, -0.00183542
10.61, -0.001869
10.62, -0.00191735
10.63, -0.00197505
10.64, -0.00203663
10.65, -0.00209666
10.66, -0.00216347
10.67, -0.00224019
10.68, -0.00231564
10.69, -0.00237863
10.70, -0.00241797
10.71, -0.002438
10.72, -0.00245183
10.73, -0.00246325
10.74, -0.00247606
10.75, -0.00249403
10.76, -0.0025185
10.77, -0.00254884
10.78, -0.0025856
10.79, -0.00262934
10.80, -0.00268062
10.81, -0.00275066
10.82, -0.00284509
10.83, -0.0029577
10.84, -0.00308229
10.85, -0.00321265
10.86, -0.00335393
10.87, -0.00351293
10.88, -0.00368746
10.89, -0.00387533
10.90, -0.00407435
10.91, -0.00431024
10.92, -0.00458537
10.93, -0.00486721
10.94, -0.00512322
10.95, -0.00532091
10.96, -0.00548447
10.97, -0.00564269
10.98, -0.00577755
10.99, -0.00587099
11.00, -0.005905
11.01, -0.00590498
11.02, -0.00590456
11.03, -0.00590374
11.04, -0.00590252
11.05, -0.00590092
11.06, -0.00588357
11.07, -0.00583969
11.08, -0.00577387
11.09, -0.00569069
11.10, -0.0055947
11.11, -0.00542631
11.12, -0.00515579
11.13, -0.00482251
11.14, -0.00446583
11.15, -0.00412508
11.16, -0.00378651
11.17, -0.00342472
11.18, -0.00305458
11.19, -0.00269094
11.20, -0.00234863
11.21, -0.00202672
11.22, -0.00171489
11.23, -0.0014122
11.24, -0.00111769
11.25, -0.000830438
11.26, -0.00054768
11.27, -0.00026975
11.28, 6.45668e-08
11.29, 0.00025848
11.30, 0.000502206
11.31, 0.000729539
11.32, 0.000944051
11.33, 0.00115042
11.34, 0.00135332
11.35, 0.00155743
11.36, 0.00177027
11.37, 0.0019883
11.38, 0.00220041
11.39, 0.00239547
11.40, 0.00256239
11.41, 0.00271268
11.42, 0.00285682
11.43, 0.00298541
11.44, 0.00308907
11.45, 0.0031584
11.46, 0.00320689
11.47, 0.00325005
11.48, 0.00328469
11.49, 0.00330762
11.50, 0.00331564
11.51, 0.00327693
11.52, 0.0031782
11.53, 0.00303922
11.54, 0.00287976
11.55, 0.00271958
11.56, 0.00253803
11.57, 0.00231762
11.58, 0.00207686
11.59, 0.00183426
11.60, 0.00160833
11.61, 0.00140088
11.62, 0.00119976
11.63, 0.00100058
11.64, 0.000798985
11.65, 0.00059059
11.66, 0.000366341
11.67, 0.000129592
11.68, -0.000106578
11.69, -0.00032909
11.70, -0.000524898
11.71, -0.000708251
11.72, -0.000889383
11.73, -0.00105327
11.74, -0.00118489
11.75, -0.00126925
11.76, -0.00132426
11.77, -0.00137262
11.78, -0.00141106
11.79, -0.0014363
11.80, -0.00144508
11.81, -0.00142861
11.82, -0.00138757
11.83, -0.0013317
11.84, -0.00127075
11.85, -0.00121444
11.86, -0.00115117
11.87, -0.00107538
11.88, -0.00100252
11.89, -0.000948014
11.90, -0.000927292
11.91, -0.000936255
11.92, -0.000958118
11.93, -0.000986894
11.94, -0.0010166
11.95, -0.00104124
11.96, -0.00106406
11.97, -0.0010887
11.98, -0.00111115
11.99, -0.00112741
12.00, -0.00113345
12.01, -0.00112684
12.02, -0.00111165
12.03, -0.00109372
12.04, -0.00107886
12.05, -0.00107287
12.06, -0.00107701
12.07, -0.00108815
12.08, -0.00110503
12.09, -0.00112641
12.10, -0.00115107
12.11, -0.00119394
12.12, -0.00126305
12.13, -0.00134946
12.14, -0.00144426
12.15, -0.00153851
12.16, -0.00163287
12.17, -0.00173431
12.18, -0.00184457
12.19, -0.00196539
12.20, -0.00209855
12.21, -0.0022514
12.22, -0.00242601
12.23, -0.00261719
12.24, -0.00281974
12.25, -0.00302849
12.26, -0.00325067
12.27, -0.00349051
12.28, -0.00374035
12.29, -0.00399253
